%YAML:1.0
---
K: !!opencv-matrix
   rows: 3
   cols: 3
   dt: d
   data: [ 8.3580146515481874e+02, 0., 6.3237358180570823e+02, 0.,
       8.0568481290912439e+02, 6.0189547322568251e+02, 0., 0., 1. ]
D: !!opencv-matrix
   rows: 1
   cols: 5
   dt: d
   data: [ 8.5455563998710932e-02, -2.6524933356617109e-01,
       7.3776933482918999e-03, -3.2196978064527458e-03,
       3.2869210444138713e-01 ]
